# Parameterset yielding
# Reynolds = 23.094010767585026
# Morton = 0.0017339059223371663
# Eotvos = 9.80019
omega_red = 1.25
omega_blue = 1.25
rho_red = 1
gamma = 999.9999999999991
sigma = 0.0001
c_s = 2.6634657872779224
dx = 0.00025
g = 9.81
